2026-10-04T21:43:53-06:00 case=p9_L3_NPR33_long mesh=mesh_L3.su2 seed=seed_L3_NPR33_at_6ms.csv.gz steps=80000 np=6 dt=5.0e-8 cflB=2.0 startup=3 NPR=33 P0=3343725.0 turb=SST
2026-10-04T21:43:53-06:00 stage A start
2026-10-04T21:44:19-06:00 stage A done in 26s
2026-10-04T21:44:19-06:00 stage B start
2026-10-07T13:54:57-06:00 stage B done in 231038s
2026-10-07T13:54:57-06:00 running checks
SU2 PHASE 1 CHECK  work=/root/su2-work/p9_L3_NPR33_long  dt=5e-08 s  NPR=33.0  T0=300.0 K
final snapshot: iter 80000  t=4.000 ms
[PASS] NaN values: 0
[FAIL] static T <= T0 inside nozzle (after 0.5 ms): max 317.84 K
[FAIL] static T <= T0 whole domain (after 0.5 ms): max 317.84 K
[info] total T (T+|u|^2/2cp) max (after 0.5 ms): nozzle 323.2 K, external 316.1 K
[PASS] separation (first u<0 next to wall): x=95.88 mm = 73.20 mm from throat
[PASS] wall p monotonic inlet->p_min (max local rise 0.02%), p_min at x=93.84 mm
[info] wall p vs 1-D isentropic (attached band): mean 55.8%, max 118.9%
[info] Schmucker x_sep: 58.50 mm = 35.82 mm from throat

  iter   t[ms]  NaN  Tmax_noz  TtMax_noz  Tmax_ext  TtMax_ext  at(x,r)[m]      Tmin   x_sep[mm]  from_throat[mm]
  2500   0.125    0    300.40     302.63    300.41     300.55  (0.129,0.114)    34.2      95.88        73.20
  5000   0.250    0    300.80     305.35    300.56     300.75  (0.162,0.069)    34.4      95.88        73.20
  7500   0.375    0    302.24     304.77    301.35     304.60  (0.164,0.052)    34.5      95.88        73.20
 10000   0.500    0    300.56     303.52    300.58     302.05  (0.167,0.094)    34.5      95.88        73.20
 12500   0.625    0    308.64     313.58    300.81     306.88  (0.168,0.069)    34.3      95.88        73.20
 15000   0.750    0    301.56     307.11    300.48     303.19  (0.161,0.119)    34.0      96.57        73.89
 17500   0.875    0    300.36     304.11    301.37     303.89  (0.163,0.026)    34.1      96.57        73.89
 20000   1.000    0    302.17     306.38    302.30     306.28  (0.164,0.052)    34.2      96.57        73.89
 22500   1.125    0    303.28     306.71    301.84     305.72  (0.158,0.024)    34.0      96.57        73.89
 25000   1.250    0    305.98     314.17    302.43     302.74  (0.163,0.052)    34.0      96.57        73.89
 27500   1.375    0    303.72     314.59    301.67     306.01  (0.165,0.025)    33.8      96.57        73.89
 30000   1.500    0    306.17     310.07    302.13     307.26  (0.154,0.010)    34.1      95.88        73.20
 32500   1.625    0    303.78     308.14    300.85     302.91  (0.196,0.060)    33.9      96.57        73.89
 35000   1.750    0    305.94     311.56    303.54     308.03  (0.158,0.024)    34.0      96.57        73.89
 37500   1.875    0    303.83     310.41    303.58     309.03  (0.162,0.051)    33.8      96.57        73.89
 40000   2.000    0    303.02     307.30    306.21     309.72  (0.168,0.025)    34.0      96.57        73.89
 42500   2.125    0    317.84     323.24    303.95     306.85  (0.154,0.028)    33.9      95.88        73.20
 45000   2.250    0    306.98     315.97    304.02     307.73  (0.177,0.024)    33.9      96.57        73.89
 47500   2.375    0    307.96     311.29    308.72     312.98  (0.163,0.028)    33.7      95.88        73.20
 50000   2.500    0    305.58     311.81    304.33     316.05  (0.157,0.026)    33.8      95.88        73.20
 52500   2.625    0    304.59     309.75    306.62     309.90  (0.170,0.025)    33.7      95.88        73.20
 55000   2.750    0    313.78     317.80    307.60     310.91  (0.163,0.025)    34.1      95.20        72.52
 57500   2.875    0    304.08     312.79    304.70     311.54  (0.162,0.023)    34.0      95.88        73.20
 60000   3.000    0    302.75     308.40    305.43     309.61  (0.167,0.026)    34.0      95.20        72.52
 62500   3.125    0    303.93     307.66    302.08     303.86  (0.161,0.051)    34.0      95.88        73.20
 65000   3.250    0    302.43     306.63    302.62     306.39  (0.165,0.028)    34.1      95.88        73.20
 67500   3.375    0    304.56     309.51    302.36     305.48  (0.150,0.025)    34.0      95.20        72.52
 70000   3.500    0    301.05     305.28    304.21     306.12  (0.158,0.026)    34.0      95.88        73.20
 72500   3.625    0    302.41     312.68    301.64     305.21  (0.169,0.053)    34.1      95.20        72.52
 75000   3.750    0    302.42     305.52    300.62     302.41  (0.200,0.061)    34.0      95.88        73.20
 77500   3.875    0    304.16     308.35    302.62     308.56  (0.164,0.028)    34.1      95.88        73.20
 80000   4.000    0    303.09     305.83    300.55     301.43  (0.211,0.070)    33.9      95.88        73.20
written /root/su2-lane/results_check/p9_L3_NPR33_long
2026-10-07T13:55:14-06:00 ALL DONE
