2026-09-26T13:11:48-06:00 case=spec_L2_NPR33 mesh=mesh_L2.su2 seed=seed_L2_NPR33_at_2p5ms.csv.gz steps=150000 np=6 dt=1.0e-7 cflB=2.0 startup=3 NPR=33 P0=3343725.0 turb=SST
2026-09-26T13:11:48-06:00 stage A start
2026-09-26T13:11:56-06:00 stage A done in 8s
2026-09-26T13:11:56-06:00 stage B start
2026-09-27T07:34:21-06:00 resume stage B from checkpoint 47500 (restart iteration 47501) start
2026-09-28T21:43:06-06:00 resume stage B done
2026-09-28T21:43:06-06:00 running checks
SU2 PHASE 1 CHECK  work=/root/su2-work/spec_L2_NPR33  dt=1e-07 s  NPR=33.0  T0=300.0 K
final snapshot: iter 150000  t=15.000 ms
[PASS] NaN values: 0
[FAIL] static T <= T0 inside nozzle (after 0.5 ms): max 303.78 K
[FAIL] static T <= T0 whole domain (after 0.5 ms): max 303.78 K
[info] total T (T+|u|^2/2cp) max (after 0.5 ms): nozzle 303.8 K, external 304.8 K
[PASS] separation (first u<0 next to wall): x=84.78 mm = 62.10 mm from throat
[PASS] wall p monotonic inlet->p_min (max local rise 0.02%), p_min at x=82.03 mm
[info] wall p vs 1-D isentropic (attached band): mean 47.5%, max 102.1%
[info] Schmucker x_sep: 58.50 mm = 35.82 mm from throat

  iter   t[ms]  NaN  Tmax_noz  TtMax_noz  Tmax_ext  TtMax_ext  at(x,r)[m]      Tmin   x_sep[mm]  from_throat[mm]
  2500   0.250    0    303.99     304.01    300.67     306.63  (0.048,0.300)    27.6      84.78        62.10
  5000   0.500    0    303.78     303.80    300.37     304.75  (0.129,0.055)    29.6      85.71        63.03
  7500   0.750    0    303.41     303.42    300.73     302.96  (0.209,0.119)    28.9      84.78        62.10
 10000   1.000    0    303.28     303.29    300.69     300.74  (0.122,0.055)    28.3      84.78        62.10
 12500   1.250    0    302.44     302.44    300.54     300.54  (0.048,0.055)    29.9      83.86        61.18
 15000   1.500    0    301.91     301.91    300.40     300.45  (0.340,0.165)    26.5      84.78        62.10
 17500   1.750    0    301.83     301.83    300.50     300.54  (0.330,0.165)    29.2      84.78        62.10
 20000   2.000    0    301.75     301.75    300.52     300.54  (0.205,0.126)    28.7      84.78        62.10
 22500   2.250    0    301.28     301.29    300.39     300.39  (0.085,0.055)    28.3      84.78        62.10
 25000   2.500    0    300.95     300.95    300.31     300.31  (0.048,0.126)    27.3      84.78        62.10
 27500   2.750    0    300.79     300.79    300.27     300.29  (0.261,0.160)    28.1      84.78        62.10
 30000   3.000    0    300.70     300.70    300.30     300.33  (0.207,0.119)    28.6      84.78        62.10
 32500   3.250    0    300.54     300.70    300.29     300.31  (0.209,0.119)    28.3      84.78        62.10
 35000   3.500    0    300.33     300.70    300.28     300.30  (0.216,0.126)    26.8      84.78        62.10
 37500   3.750    0    300.23     300.70    300.27     300.29  (0.216,0.126)    28.5      84.78        62.10
 40000   4.000    0    300.18     300.70    300.26     300.28  (0.207,0.119)    28.4      84.78        62.10
 42500   4.250    0    300.19     300.70    300.22     300.25  (0.207,0.119)    28.6      84.78        62.10
 45000   4.500    0    300.17     300.70    300.21     300.24  (0.212,0.122)    28.5      84.78        62.10
 47500   4.750    0    300.14     300.70    300.23     300.26  (0.214,0.122)    28.3      84.78        62.10
 50000   5.000    0    300.15     300.70    300.25     300.28  (0.209,0.119)    28.3      84.78        62.10
 52500   5.250    0    300.17     300.70    300.24     300.26  (0.207,0.115)    28.5      84.78        62.10
 55000   5.500    0    300.17     300.70    300.20     300.23  (0.209,0.119)    28.5      84.78        62.10
 57500   5.750    0    300.14     300.70    300.19     300.22  (0.212,0.122)    28.3      84.78        62.10
 60000   6.000    0    300.12     300.70    300.21     300.24  (0.209,0.119)    28.1      84.78        62.10
 62500   6.250    0    300.13     300.70    300.21     300.25  (0.207,0.115)    28.2      84.78        62.10
 65000   6.500    0    300.14     300.70    300.20     300.23  (0.207,0.115)    28.3      84.78        62.10
 67500   6.750    0    300.13     300.70    300.18     300.22  (0.209,0.119)    28.3      84.78        62.10
 70000   7.000    0    300.12     300.70    300.18     300.21  (0.209,0.119)    28.2      84.78        62.10
 72500   7.250    0    300.11     300.70    300.18     300.22  (0.207,0.115)    28.0      84.78        62.10
 75000   7.500    0    300.12     300.70    300.18     300.22  (0.207,0.115)    28.1      84.78        62.10
 77500   7.750    0    300.12     300.70    300.17     300.21  (0.207,0.115)    28.1      84.78        62.10
 80000   8.000    0    300.11     300.70    300.17     300.20  (0.209,0.119)    28.0      84.78        62.10
 82500   8.250    0    300.10     300.70    300.16     300.20  (0.207,0.119)    27.9      84.78        62.10
 85000   8.500    0    300.10     300.70    300.16     300.20  (0.207,0.119)    27.9      84.78        62.10
 87500   8.750    0    300.10     300.70    300.15     300.19  (0.207,0.119)    27.9      84.78        62.10
 90000   9.000    0    300.09     300.70    300.15     300.19  (0.207,0.119)    28.2      84.78        62.10
 92500   9.250    0    300.09     300.70    300.14     300.18  (0.207,0.119)    28.5      84.78        62.10
 95000   9.500    0    300.09     300.70    300.14     300.18  (0.207,0.119)    28.5      84.78        62.10
 97500   9.750    0    300.08     300.70    300.13     300.17  (0.205,0.119)    28.5      84.78        62.10
 100000  10.000    0    300.08     300.70    300.13     300.17  (0.207,0.119)    28.5      84.78        62.10
 102500  10.250    0    300.07     300.70    300.12     300.16  (0.207,0.119)    28.4      84.78        62.10
 105000  10.500    0    300.07     300.70    300.12     300.16  (0.207,0.122)    28.3      84.78        62.10
 107500  10.750    0    300.06     300.70    300.11     300.16  (0.205,0.122)    28.3      84.78        62.10
 110000  11.000    0    300.06     300.70    300.11     300.15  (0.207,0.122)    28.3      84.78        62.10
 112500  11.250    0    300.06     300.70    300.11     300.15  (0.207,0.122)    28.3      84.78        62.10
 115000  11.500    0    300.06     300.70    300.10     300.15  (0.207,0.122)    28.2      84.78        62.10
 117500  11.750    0    300.06     300.70    300.10     300.14  (0.219,0.130)    28.2      84.78        62.10
 120000  12.000    0    300.06     300.70    300.10     300.14  (0.216,0.130)    28.2      84.78        62.10
 122500  12.250    0    300.06     300.70    300.09     300.14  (0.216,0.134)    28.1      84.78        62.10
 125000  12.500    0    300.06     300.70    300.09     300.13  (0.214,0.130)    28.1      84.78        62.10
 127500  12.750    0    300.06     300.70    300.09     300.13  (0.212,0.126)    28.1      84.78        62.10
 130000  13.000    0    300.06     300.70    300.09     300.13  (0.212,0.134)    28.1      84.78        62.10
 132500  13.250    0    300.06     300.70    300.09     300.13  (0.209,0.130)    28.1      84.78        62.10
 135000  13.500    0    300.06     300.70    300.08     300.13  (0.207,0.126)    28.1      84.78        62.10
 137500  13.750    0    300.06     300.70    300.08     300.12  (0.207,0.134)    28.1      84.78        62.10
 140000  14.000    0    300.06     300.70    300.08     300.12  (0.205,0.130)    28.1      84.78        62.10
 142500  14.250    0    300.06     300.70    300.08     300.12  (0.203,0.126)    28.1      84.78        62.10
 145000  14.500    0    300.06     300.70    300.08     300.12  (0.203,0.134)    28.1      84.78        62.10
 147500  14.750    0    300.06     300.70    300.08     300.12  (0.201,0.130)    28.1      84.78        62.10
 150000  15.000    0    300.06     300.70    300.08     300.12  (0.199,0.126)    28.1      84.78        62.10
written /root/su2-lane/results_check/spec_L2_NPR33
2026-09-28T21:43:20-06:00 ALL DONE
